{
  "code": 0,
  "msg": "获取成功",
  "data": {
    "HQ0912New121": {
      "index": "HQ0912New121",
      "keyCode": "66",
      "camJson": {
        "fov": 20.555906713354226,
        "position": {
          "x": 98.6,
          "y": 3.6,
          "z": 40.27057991605174
        },
        "poseMat4": [
          -0.9975709623376909,
          0.05388180252463914,
          0.04414664718128864,
          98.6,
          -0.05620726006730122,
          -0.9969982562797957,
          -0.05324679230501915,
          3.6,
          0.04114509711229462,
          -0.05559881592033118,
          0.9976050584534335,
          40.27057991605174,
          0,
          0,
          0,
          1
        ],
        "lookAt": {
          "x": 99.48293294362577,
          "y": 2.535064153899617,
          "z": 60.222681085120406
        }
      },
      "flv": {
        "type": "flv",
        "src": "http://10.31.214.206:8081/live?app=rtmp&stream=309210",
        "url": "static/video/s96r3ljf8vxay2964io7dek44wkvamt4.mp4"
      },
      "modelIndex": [
        "HQ_bei03",
        "HQ_dong02",
        "HQ_dong03",
        "HQ_SD06",
        "HQ_zhong01",
        "tianhuaban_02",
        "HQ_diban_zhong",
        "HQ_diban_xi",
        "HQ_diban_dong"
      ],
      "isGlobalView": true,
      "isInside": false,
      "isOut": false,
      "isreal": false,
      "realposition": {
        "x": 0,
        "y": 0,
        "z": 0
      },
      "realtar": {
        "x": 0,
        "y": 0,
        "z": 0
      }
    },
    "HQ0912New123": {
      "index": "HQ0912New123",
      "keyCode": "68",
      "camJson": {
        "fov": 19.296090632196314,
        "position": {
          "x": -26.5,
          "y": 2,
          "z": 42
        },
        "poseMat4": [
          -0.999790061449681,
          0.0071669642515328645,
          -0.019195511190396013,
          -26.5,
          -0.007168285013774892,
          -0.9999743075149289,
          0,
          2,
          -0.019195018010011316,
          0.00013759889519786395,
          0.9998157492008913,
          42,
          0,
          0,
          0,
          1
        ],
        "lookAt": {
          "x": -26.88391022380792,
          "y": 2,
          "z": 61.99631498401783
        }
      },
      "flv": {
        "type": "flv",
        "src": "http://10.31.214.206:8081/live?app=rtmp&stream=309208",
        "url": "static/video/a23cpnfrtoib4eomw2azxc8zrhe027lg.mp4"
      },
      "modelIndex": [
        "HQ_xi03",
        "HQ_bei03",
        "HQ_dong03",
        "HQ_zhong01",
        "tianhuaban_02",
        "HQ_diban_zhong",
        "HQ_diban_xi",
        "HQ_diban_dong"
      ],
      "isGlobalView": true,
      "isInside": false,
      "isOut": false,
      "isreal": false,
      "realposition": {
        "x": 0,
        "y": 0,
        "z": 0
      },
      "realtar": {
        "x": 0,
        "y": 0,
        "z": 0
      }
    },
    "HQ0912New125": {
      "index": "HQ0912New125",
      "keyCode": "67",
      "camJson": {
        "fov": 14.760160448241978,
        "position": {
          "x": -133.5,
          "y": 4,
          "z": 42.55723644405698
        },
        "poseMat4": [
          -0.9681444647963854,
          -0.057268362365941704,
          0.24375526651960527,
          -133.5,
          0.042131485883455895,
          -0.9968717953107233,
          -0.06686973613846205,
          4,
          0.24682227043233512,
          -0.05446979333445806,
          0.9675287119423015,
          42.55723644405698,
          0,
          0,
          0,
          1
        ],
        "lookAt": {
          "x": -128.6248946696079,
          "y": 2.6626052772307593,
          "z": 61.90781068290301
        }
      },
      "flv": {
        "type": "flv",
        "src": "http://10.31.214.206:8081/live?app=rtmp&stream=309206",
        "url": "static/video/e1dulcg0kzzsua03qhodnjzdlht12smk.mp4"
      },
      "modelIndex": [
        "HQ_xi02",
        "HQ_xi03",
        "HQ_XX06",
        "HQ_zhong01",
        "HQ_bei03",
        "HQ_dong03",
        "tianhuaban_02",
        "HQ_diban_zhong",
        "HQ_diban_xi",
        "HQ_diban_dong"
      ],
      "isGlobalView": true,
      "isInside": false,
      "isOut": false,
      "isreal": false,
      "realposition": {
        "x": -37.22919385534843,
        "y": 203.6771713935575,
        "z": -420.29691698504683
      },
      "realtar": {
        "x": -15.863651478117008,
        "y": 2.6626052772307593,
        "z": 72.87166957336233
      }
    },
    "HQ0912New127": {
      "index": "HQ0912New127",
      "keyCode": "53",
      "camJson": {
        "fov": 15.075705166375078,
        "position": {
          "x": -136.8,
          "y": 3.695490831568645,
          "z": -34.8
        },
        "poseMat4": [
          0.9893752343383255,
          0.016532352937687893,
          -0.1444414309826896,
          -136.8,
          0.008174125996012303,
          -0.9982674631119633,
          -0.05826882319222034,
          3.695490831568645,
          -0.1451545016256288,
          0.05646904814452464,
          -0.9877962427846477,
          -34.8,
          0,
          0,
          0,
          1
        ],
        "lookAt": {
          "x": -139.6888286196538,
          "y": 2.530114367724238,
          "z": -54.55592485569295
        }
      },
      "flv": {
        "type": "flv",
        "src": "http://10.31.214.206:8081/live?app=rtmp&stream=309203",
        "url": "static/video/8g1gfp7x994dyvd6gago4w8memy5xxre.mp4"
      },
      "modelIndex": [
        "HQ_XX06",
        "HQ_zhong01",
        "tianhuaban_02",
        "HQ_bei03",
        "HQ_dong03",
        "HQ_nan01",
        "HQ_nan02",
        "HQ_diban_zhong",
        "HQ_diban_xi",
        "HQ_diban_dong"
      ],
      "isGlobalView": true,
      "isInside": false,
      "isOut": false,
      "isreal": false,
      "realposition": {
        "x": 0,
        "y": 0,
        "z": 0
      },
      "realtar": {
        "x": 0,
        "y": 0,
        "z": 0
      }
    },
    "HQ0912New128": {
      "index": "HQ0912New128",
      "keyCode": "54",
      "camJson": {
        "fov": 19.296090632196314,
        "position": {
          "x": -22,
          "y": 5.5,
          "z": -38
        },
        "poseMat4": [
          0.9987413648280542,
          0.04713978140178404,
          0.01713263525521005,
          -22,
          0.04954406989964663,
          -0.9804265190803837,
          -0.1905497987973258,
          5.5,
          0.00781481408447958,
          0.19115878659720154,
          -0.9815280164047845,
          -38,
          0,
          0,
          0,
          1
        ],
        "lookAt": {
          "x": -21.657347294895796,
          "y": 1.6890040240534838,
          "z": -57.63056032809569
        }
      },
      "flv": {
        "type": "flv",
        "src": "http://10.31.214.206:8081/live?app=rtmp&stream=309232",
        "url": "static/video/5l9f3ca5qnbiq6jfaorgx06dvrrd4cnf.mp4"
      },
      "modelIndex": [
        "HQ_SD13",
        "HQ_bei03",
        "HQ_diban_dong",
        "HQ_dong03",
        "HQ_nan03",
        "HQ_SD04",
        "HQ_zhong01",
        "tianhuaban_02",
        "HQ_diban_zhong",
        "HQ_diban_xi",
        "HQ_diban_dong"
      ],
      "isGlobalView": true,
      "isInside": false,
      "isOut": false,
      "isreal": false,
      "realposition": {
        "x": 0,
        "y": 0,
        "z": 0
      },
      "realtar": {
        "x": 0,
        "y": 0,
        "z": 0
      }
    },
    "HQ0912New129": {
      "index": "HQ0912New129",
      "keyCode": "55",
      "camJson": {
        "fov": 20.032938645435287,
        "position": {
          "x": 100.5,
          "y": 3.9,
          "z": -42
        },
        "poseMat4": [
          0.9990049310115933,
          -0.03253986282684819,
          -0.030500903949402174,
          100.5,
          -0.03562720664102856,
          -0.9936369087397786,
          -0.10684753500673025,
          3.9,
          -0.026830019781547015,
          0.10782787634590091,
          -0.9938074758831587,
          -42,
          0,
          0,
          0,
          1
        ],
        "lookAt": {
          "x": 99.88998192101195,
          "y": 1.7630492998653953,
          "z": -61.87614951766317
        }
      },
      "flv": {
        "type": "flv",
        "src": "http://10.31.214.206:8081/live?app=rtmp&stream=309235",
        "url": "static/video/k3549y367z78yya69ln8mp0uihdvugyc.mp4"
      },
      "modelIndex": [
        "HQ_bei02",
        "HQ_bei03",
        "HQ_dong03",
        "HQ_SD01",
        "HQ_zhong01",
        "tianhuaban_02",
        "HQ_diban_zhong",
        "HQ_diban_xi",
        "HQ_diban_dong"
      ],
      "isGlobalView": true,
      "isInside": false,
      "isOut": false,
      "isreal": false,
      "realposition": {
        "x": -12.823407057986252,
        "y": 211.51602281651907,
        "z": 283.1312519466493
      },
      "realtar": {
        "x": -18.16599653125157,
        "y": 1.7630492998653953,
        "z": -47.746191217799385
      }
    },
    "HQ0912New130": {
      "index": "HQ0912New130",
      "keyCode": "57",
      "camJson": {
        "fov": 20.555906713354226,
        "position": {
          "x": 79.9583368739776,
          "y": 6.177633911912254,
          "z": -59.74174837862152
        },
        "poseMat4": [
          -0.254900205646613,
          -0.08356660373491367,
          0.9633496291074837,
          79.9583368739776,
          -0.11609175107505126,
          -0.9864079450805167,
          -0.11628444098141788,
          6.177633911912254,
          0.9599732238420209,
          -0.1414778732602538,
          0.24173419469349533,
          -59.74174837862152,
          0,
          0,
          0,
          1
        ],
        "lookAt": {
          "x": 99.22532945612727,
          "y": 3.8519450922838967,
          "z": -54.907064484751615
        }
      },
      "flv": {
        "type": "flv",
        "src": "http://10.31.214.206:8081/live?app=rtmp&stream=507153",
        "url": "static/video/k5a7hraav2faeoe4i15wk4v3as1o3lnx.mp4"
      },
      "modelIndex": [
        "HQ_bei01",
        "HQ_dong03",
        "HQ_bei02",
        "HQ_bei03",
        "HQ_diban_dong",
        "HQ_SD01",
        "HQ_dong01",
        "HQ_zhong01",
        "HQ_zhong03"
      ],
      "isGlobalView": true,
      "isInside": false,
      "isOut": false,
      "isreal": false,
      "realposition": {
        "x": 0,
        "y": 0,
        "z": 0
      },
      "realtar": {
        "x": 0,
        "y": 0,
        "z": 0
      }
    },
    "HQ0912New131": {
      "index": "HQ0912New131",
      "keyCode": "65",
      "camJson": {
        "fov": 33.63196727902251,
        "position": {
          "x": -176.5,
          "y": 5.3,
          "z": -55
        },
        "poseMat4": [
          -0.994990759138005,
          -0.06937902038091723,
          0.1519718053195886,
          -176.5,
          0.040024950390299574,
          -0.9362115252233749,
          -0.34915037360022433,
          5.331321265059508,
          0.09160454451734668,
          -0.3445207273443885,
          0.9342987080446288,
          -55,
          0,
          0,
          0,
          1
        ],
        "lookAt": {
          "x": -173.46056389360822,
          "y": -1.683007472004487,
          "z": -36.31402583910742
        }
      },
      "flv": {
        "type": "flv",
        "src": "http://10.31.214.206:8081/live?app=rtmp&stream=309197",
        "url": "static/video/x0845fiyq7t28geske3encxfn5fimtbz.mp4"
      },
      "modelIndex": [
        "HQ_dong03",
        "HQ_bei03",
        "HQ_diban_dong",
        "HQ_diban_xi",
        "HQ_diban_zhong",
        "HQ_nan01",
        "HQ_xi01",
        "HQ_xi02",
        "HQ_xi03",
        "HQ_XX06",
        "HQ_zhong01",
        "HQ_XX04"
      ],
      "isGlobalView": true,
      "isInside": false,
      "isOut": false,
      "isreal": false,
      "realposition": {
        "x": 0,
        "y": 0,
        "z": 0
      },
      "realtar": {
        "x": 0,
        "y": 0,
        "z": 0
      }
    },
    "HQ0912New133": {
      "index": "HQ0912New133",
      "keyCode": "67",
      "camJson": {
        "fov": 26.067569731551128,
        "position": {
          "x": 102,
          "y": 2.8,
          "z": -58
        },
        "poseMat4": [
          -0.2351178845693167,
          0.17552155762053778,
          -0.9559873237476059,
          102,
          -0.13443572937848802,
          -0.9799787240530091,
          -0.14686298059725678,
          2.8,
          -0.962624856848255,
          0.09398873982502653,
          0.2540068931426469,
          -58,
          0,
          0,
          0,
          1
        ],
        "lookAt": {
          "x": 82.88025352504789,
          "y": -0.1372596119451357,
          "z": -52.919862137147064
        }
      },
      "flv": {
        "type": "flv",
        "src": "http://10.31.214.206:8081/live?app=rtmp&stream=507152",
        "url": "static/video/bkt2dz63l9dgntl6p49xrgcb9y7o869d.mp4"
      },
      "modelIndex": [
        "HQ_SD04",
        "HQ_SD05",
        "HQ_SD07",
        "HQ_SD08",
        "HQ_SD09",
        "HQ_SD10",
        "HQ_bei02",
        "HQ_SD12",
        "HQ_bei03",
        "HQ_diban_dong",
        "HQ_diban_xi",
        "HQ_SD13",
        "HQ_diban_zhong",
        "HQ_dong03",
        "HQ_nan01",
        "HQ_nan02",
        "HQ_nan03",
        "HQ_SD01",
        "HQ_SD02",
        "HQ_SD14",
        "HQ_SD03",
        "HQ_xi01",
        "HQ_xi02",
        "HQ_xi03",
        "HQ_XX01",
        "HQ_XX02",
        "HQ_XX03",
        "HQ_XX05",
        "HQ_XX06",
        "HQ_zhong01",
        "tianhuaban_01",
        "tianhuaban_02",
        "tianhuaban_03",
        "HQ_XX04"
      ],
      "isGlobalView": true,
      "isInside": false,
      "isOut": false,
      "isreal": false,
      "realposition": {
        "x": 0,
        "y": 0,
        "z": 0
      },
      "realtar": {
        "x": 0,
        "y": 0,
        "z": 0
      }
    },
    "HQ0912New135": {
      "index": "HQ0912New135",
      "keyCode": "69",
      "camJson": {
        "fov": 20.555906713354226,
        "position": {
          "x": -46.40764605031059,
          "y": 4,
          "z": -56.23716906867773
        },
        "poseMat4": [
          -0.2041296214592554,
          -0.15949590575249636,
          0.9658634239327483,
          -46.40764605031059,
          0.08776890991543543,
          -0.985646559946442,
          -0.14421330492711487,
          4,
          0.9750013928683164,
          0.05533457250160728,
          0.21519844095835605,
          -56.23716906867773,
          0,
          0,
          0,
          1
        ],
        "lookAt": {
          "x": -27.090377571655623,
          "y": 1.115733901457703,
          "z": -51.933200249510605
        }
      },
      "flv": {
        "type": "flv",
        "src": "http://10.31.214.206:8081/live?app=rtmp&stream=507155",
        "url": "static/video/3ykyjhw4o3ob6e5m28hsyqdsekd19uhe.mp4"
      },
      "modelIndex": [
        "HQ_bei01",
        "HQ_dong02",
        "HQ_dong03",
        "HQ_bei02",
        "HQ_bei03",
        "HQ_diban_dong",
        "HQ_diban_zhong",
        "HQ_nan03",
        "HQ_SD01",
        "HQ_SD03",
        "HQ_SD02",
        "HQ_SD04",
        "HQ_SD05",
        "HQ_SD06",
        "HQ_SD07",
        "HQ_SD08",
        "HQ_SD11",
        "HQ_SD12",
        "HQ_SD13",
        "HQ_dong01",
        "HQ_zhong01",
        "HQ_zhong02",
        "HQ_zhong03"
      ],
      "isGlobalView": true,
      "isInside": false,
      "isOut": false,
      "isreal": false,
      "realposition": {
        "x": 0,
        "y": 0,
        "z": 0
      },
      "realtar": {
        "x": 0,
        "y": 0,
        "z": 0
      }
    },
    "HQ0912New136": {
      "index": "HQ0912New136",
      "keyCode": "70",
      "camJson": {
        "fov": 45.41486969708407,
        "position": {
          "x": -91,
          "y": 4.2,
          "z": 62
        },
        "poseMat4": [
          0.8869923068817431,
          0.09516253257645392,
          -0.45187248193073165,
          -91,
          -0.07759580681841939,
          -0.9339076230119785,
          -0.3489920377950123,
          4.2,
          -0.45521812167004355,
          0.34461666250161516,
          -0.8209846634556857,
          62,
          0,
          0,
          0,
          1
        ],
        "lookAt": {
          "x": -100.03744963861463,
          "y": -2.7798407559002465,
          "z": 45.580306730886285
        }
      },
      "flv": {
        "type": "flv",
        "src": "http://10.31.214.206:8081/live?app=rtmp&stream=309245",
        "url": "static/video/wsejtnyul1cuw0ed2i350c0qk3ctqmzu.mp4"
      },
      "modelIndex": [
        "HQ_dong03",
        "HQ_bei03",
        "HQ_diban_dong",
        "HQ_diban_xi",
        "HQ_diban_zhong",
        "HQ_nan01",
        "HQ_nan02",
        "HQ_nan03",
        "HQ_xi02",
        "HQ_xi03",
        "HQ_XX01",
        "HQ_XX02",
        "HQ_XX03",
        "HQ_XX05",
        "HQ_XX06",
        "HQ_zhong01",
        "HQ_XX04"
      ],
      "isGlobalView": true,
      "isInside": true,
      "isOut": false,
      "isreal": false,
      "realposition": {
        "x": 0,
        "y": 0,
        "z": 0
      },
      "realtar": {
        "x": 0,
        "y": 0,
        "z": 0
      }
    },
    "HQ0912New137": {
      "index": "HQ0912New137",
      "keyCode": "71",
      "camJson": {
        "fov": 55.912719361839486,
        "position": {
          "x": 33.553696688635334,
          "y": 4.419659094710987,
          "z": 54.22329505256718
        },
        "poseMat4": [
          0.867792963353199,
          0.20604716174443777,
          -0.4521945818911755,
          33.553696688635334,
          0.061861513177306995,
          -0.9476991933467395,
          -0.3131124272802873,
          4.419659094710987,
          -0.493060367442048,
          0.2437433200459058,
          -0.8351530805732035,
          54.22329505256718,
          0,
          0,
          0,
          1
        ],
        "lookAt": {
          "x": 24.509805050811824,
          "y": -1.8425894508947604,
          "z": 37.52023344110311
        }
      },
      "flv": {
        "type": "flv",
        "src": "http://10.31.214.206:8081/live?app=rtmp&stream=309243",
        "url": "static/video/lp3om7h17iwrb2mldukjbtfdm82vv5kl.mp4"
      },
      "modelIndex": [
        "HQ_dong03",
        "HQ_bei02",
        "HQ_bei03",
        "HQ_diban_dong",
        "HQ_diban_xi",
        "HQ_diban_zhong",
        "HQ_nan01",
        "HQ_nan02",
        "HQ_nan03",
        "HQ_SD03",
        "HQ_SD02",
        "HQ_SD04",
        "HQ_SD05",
        "HQ_SD07",
        "HQ_SD08",
        "HQ_SD09",
        "HQ_SD10",
        "HQ_SD13",
        "HQ_SD14",
        "HQ_XX01",
        "HQ_XX02",
        "HQ_XX06",
        "HQ_zhong01"
      ],
      "isGlobalView": true,
      "isInside": true,
      "isOut": false,
      "isreal": false,
      "realposition": {
        "x": 0,
        "y": 0,
        "z": 0
      },
      "realtar": {
        "x": 0,
        "y": 0,
        "z": 0
      }
    },
    "HQ0912New138": {
      "index": "HQ0912New138",
      "keyCode": "72",
      "camJson": {
        "fov": 45.41486969708407,
        "position": {
          "x": -96,
          "y": 4.25,
          "z": -58.5
        },
        "poseMat4": [
          -0.7501387339268342,
          -0.20988747399446647,
          0.6270878153200464,
          -96,
          0.0875090449586928,
          -0.9714605258392875,
          -0.22046907671252336,
          4.25,
          0.6554647564233061,
          -0.11050653825125996,
          0.7470972213110284,
          -58.5,
          0,
          0,
          0,
          1
        ],
        "lookAt": {
          "x": -83.45824369359907,
          "y": -0.15938153425046764,
          "z": -43.558055573779434
        }
      },
      "flv": {
        "type": "flv",
        "src": "http://10.31.214.206:8081/live?app=rtmp&stream=309240",
        "url": "static/video/wjzomnmzqxnq2spml73l9pqhvvlt1rx9.mp4"
      },
      "modelIndex": [
        "HQ_dong02",
        "HQ_dong03",
        "HQ_bei03",
        "HQ_diban_dong",
        "HQ_diban_xi",
        "HQ_diban_zhong",
        "HQ_nan02",
        "HQ_nan03",
        "HQ_SD01",
        "HQ_SD03",
        "HQ_SD02",
        "HQ_SD04",
        "HQ_SD05",
        "HQ_SD06",
        "HQ_SD07",
        "HQ_SD08",
        "HQ_SD09",
        "HQ_SD10",
        "HQ_SD11",
        "HQ_SD12",
        "HQ_SD13",
        "HQ_SD14",
        "HQ_dong01",
        "HQ_xi03",
        "HQ_XX01",
        "HQ_XX02",
        "HQ_XX03",
        "HQ_XX05",
        "HQ_XX06",
        "HQ_zhong01",
        "HQ_zhong02",
        "HQ_XX04"
      ],
      "isGlobalView": true,
      "isInside": false,
      "isOut": false,
      "isreal": false,
      "realposition": {
        "x": 0,
        "y": 0,
        "z": 0
      },
      "realtar": {
        "x": 0,
        "y": 0,
        "z": 0
      }
    },
    "HQ0912New139": {
      "index": "HQ0912New139",
      "keyCode": "77",
      "camJson": {
        "fov": 39.86804081763506,
        "position": {
          "x": -90,
          "y": 3.5,
          "z": -57
        },
        "poseMat4": [
          -0.49356988847404837,
          0.1394089567093464,
          -0.8584601959211198,
          -90,
          0.016539981805804495,
          -0.9853861165074536,
          -0.16953061787247378,
          3.5,
          -0.8695488452028324,
          -0.09787412417779609,
          0.4840510940209213,
          -57,
          0,
          0,
          0,
          1
        ],
        "lookAt": {
          "x": -107.1692039184224,
          "y": 0.10938764255052469,
          "z": -47.31897811958158
        }
      },
      "flv": {
        "type": "flv",
        "src": "http://10.31.214.206:8081/live?app=rtmp&stream=309241",
        "url": "static/video/9x71lzh31l06yye2xgdjfjti897djxaw.mp4"
      },
      "modelIndex": [
        "HQ_dong03",
        "HQ_bei03",
        "HQ_diban_dong",
        "HQ_diban_xi",
        "HQ_diban_zhong",
        "HQ_nan01",
        "HQ_nan02",
        "HQ_xi01",
        "HQ_xi02",
        "HQ_XX02",
        "HQ_XX06",
        "HQ_zhong01"
      ],
      "isGlobalView": true,
      "isInside": false,
      "isOut": false,
      "isreal": false,
      "realposition": {
        "x": 0,
        "y": 0,
        "z": 0
      },
      "realtar": {
        "x": 0,
        "y": 0,
        "z": 0
      }
    },
    "HQ0912New146": {
      "index": "HQ0912New146",
      "keyCode": "51",
      "camJson": {
        "fov": 43.02900524591511,
        "position": {
          "x": -93.8,
          "y": 6.392572990281856,
          "z": -45.565653324560124
        },
        "poseMat4": [
          -0.10710073259915376,
          0.37240494186053436,
          -0.9218698348219102,
          -93.8,
          0.03912846913299095,
          -0.9249058967443358,
          -0.37817726672932717,
          6.392572990281856,
          -0.9934779292868224,
          -0.07657441769552101,
          0.08448646385403191,
          -45.565653324560124,
          0,
          0,
          0,
          1
        ],
        "lookAt": {
          "x": -112.23739669643821,
          "y": -1.1709723443046873,
          "z": -43.87592404747949
        }
      },
      "flv": {
        "type": "flv",
        "src": "http://10.31.214.206:8081/live?app=rtmp&stream=309218",
        "url": "static/video/3hhkku7dejbayime2kl12xkdfm7aqqgs.mp4"
      },
      "modelIndex": [
        "HQ_dong03",
        "HQ_bei03",
        "HQ_diban_dong",
        "HQ_diban_xi",
        "HQ_diban_zhong",
        "HQ_nan01",
        "HQ_nan02",
        "HQ_xi01",
        "HQ_xi02",
        "HQ_XX02",
        "HQ_XX06",
        "HQ_zhong01"
      ],
      "isGlobalView": true,
      "isInside": true,
      "isOut": false,
      "isreal": false,
      "realposition": {
        "x": 0,
        "y": 0,
        "z": 0
      },
      "realtar": {
        "x": 0,
        "y": 0,
        "z": 0
      }
    },
    "HQ0912New151": {
      "index": "HQ0912New151",
      "keyCode": "49",
      "camJson": {
        "fov": 29.096839770190083,
        "position": {
          "x": -139.268670313948,
          "y": 3.3915802413651086,
          "z": -55.606917211978946
        },
        "poseMat4": [
          -0.27508902818258557,
          0.25017238218263343,
          -0.928299416011142,
          -139.268670313948,
          -0.12415944916549126,
          -0.9667103419102827,
          -0.22373096796515765,
          3.3915802413651086,
          -0.9533679550711167,
          0.05371120960070622,
          0.2969926736583692,
          -55.606917211978946,
          0,
          0,
          0,
          1
        ],
        "lookAt": {
          "x": -157.83465863417086,
          "y": -1.0830391179380445,
          "z": -49.667063738811564
        }
      },
      "flv": {
        "type": "flv",
        "src": "http://10.31.214.206:8081/live?app=rtmp&stream=507156",
        "url": "static/video/8douz9jonyrct1goo67pdn01a5l2msk7.mp4"
      },
      "modelIndex": [
        "HQ_diban_xi",
        "HQ_bei03",
        "HQ_nan01",
        "HQ_dong03",
        "HQ_xi01",
        "HQ_zhong01",
        "tianhuaban_01",
        "tianhuaban_02",
        "tianhuaban_03"
      ],
      "isGlobalView": true,
      "isInside": true,
      "isOut": false,
      "isreal": false,
      "realposition": {
        "x": 0,
        "y": 0,
        "z": 0
      },
      "realtar": {
        "x": 0,
        "y": 0,
        "z": 0
      }
    },
    "HQ0912New152": {
      "index": "HQ0912New152",
      "keyCode": "56",
      "camJson": {
        "fov": null,
        "position": {
          "x": 0,
          "y": 0,
          "z": 0
        },
        "poseMat4": [0, 0, 0, 0, 0, 0, 0, 0, 0, 0, 0, 0, 0, 0, 0, 1],
        "lookAt": {
          "x": null,
          "y": null,
          "z": null
        }
      },
      "flv": {
        "type": "flv",
        "src": "http://10.31.214.206:8081/live?app=rtmp&stream=6325",
        "url": "static/video/ltehbus66l42nxxgcita64euf27pu9s7.mp4"
      },
      "modelIndex": null,
      "isGlobalView": true,
      "isInside": false,
      "isOut": true,
      "isreal": true,
      "realposition": {
        "x": -270,
        "y": 85.05381,
        "z": 162.780731
      },
      "realtar": {
        "x": -10,
        "y": 40,
        "z": 35
      }
    },
    "HQ0912New153": {
      "index": "HQ0912New153",
      "keyCode": "52",
      "camJson": {
        "fov": null,
        "position": {
          "x": 0,
          "y": 0,
          "z": 0
        },
        "poseMat4": [0, 0, 0, 0, 0, 0, 0, 0, 0, 0, 0, 0, 0, 0, 0, 1],
        "lookAt": {
          "x": null,
          "y": null,
          "z": null
        }
      },
      "flv": {
        "type": "flv",
        "src": "http://10.31.214.206:8081/live?app=rtmp&stream=6369",
        "url": "static/video/ltehbus66l42nxxgcita64euf27pu9s7.mp4"
      },
      "modelIndex": null,
      "isGlobalView": true,
      "isInside": false,
      "isOut": true,
      "isreal": true,
      "realposition": {
        "x": 355.06794,
        "y": 91.1154,
        "z": -318.2925
      },
      "realtar": {
        "x": -500,
        "y": 50,
        "z": 130
      }
    },
    "HQ0912New154": {
      "index": "HQ0912New154",
      "keyCode": "50",
      "camJson": {
        "fov": null,
        "position": {
          "x": 0,
          "y": 0,
          "z": 0
        },
        "poseMat4": [0, 0, 0, 0, 0, 0, 0, 0, 0, 0, 0, 0, 0, 0, 0, 1],
        "lookAt": {
          "x": null,
          "y": null,
          "z": null
        }
      },
      "flv": {
        "type": "flv",
        "src": "http://10.31.214.206:8081/live?app=rtmp&stream=507137",
        "url": "static/video/ltehbus66l42nxxgcita64euf27pu9s7.mp4"
      },
      "modelIndex": null,
      "isGlobalView": true,
      "isInside": false,
      "isOut": true,
      "isreal": true,
      "realposition": {
        "x": -516.981628,
        "y": 41.275383,
        "z": 230.594482
      },
      "realtar": {
        "x": 0,
        "y": 0,
        "z": 0
      }
    },
    "HQ0912New155": {
      "index": "HQ0912New155",
      "keyCode": "77",
      "camJson": {
        "fov": null,
        "position": {
          "x": 0,
          "y": 0,
          "z": 0
        },
        "poseMat4": [0, 0, 0, 0, 0, 0, 0, 0, 0, 0, 0, 0, 0, 0, 0, 1],
        "lookAt": {
          "x": null,
          "y": null,
          "z": null
        }
      },
      "flv": {
        "type": "flv",
        "src": "http://10.31.214.206:8081/live?app=rtmp&stream=309077",
        "url": "http://10.31.214.206:8081/live?app=rtmp&stream=309077"
      },
      "modelIndex": null,
      "isGlobalView": true,
      "isInside": false,
      "isOut": true,
      "isreal": true,
      "realposition": {"x": -382.62, "y": 54.23, "z": 56.19},
      "realtar": {"x": -126.81, "y": 0, "z": 572.27}
    },
    "HQ0912New156": {
      "index": "HQ0912New156",
      "keyCode": "72",
      "camJson": {
        "fov": null,
        "position": {
          "x": 0,
          "y": 0,
          "z": 0
        },
        "poseMat4": [0, 0, 0, 0, 0, 0, 0, 0, 0, 0, 0, 0, 0, 0, 0, 1],
        "lookAt": {
          "x": null,
          "y": null,
          "z": null
        }
      },
      "flv": {
        "type": "flv",
        "src": "http://10.31.214.206:8081/live?app=rtmp&stream=6301",
        "url": "http://10.31.214.206:8081/live?app=rtmp&stream=6301"
      },
      "modelIndex": null,
      "isGlobalView": true,
      "isInside": false,
      "isOut": true,
      "isreal": true,
      "realposition": {"x": -244.89, "y": 58.09, "z": 736.95},
      "realtar": {"x": 40, "y": 30, "z": 240}
    },
    "HQ0912New196": {
      "index": "HQ0912New196",
      "keyCode": "73",
      "camJson": {
        "fov": null,
        "position": {
          "x": 0,
          "y": 0,
          "z": 0
        },
        "poseMat4": [0, 0, 0, 0, 0, 0, 0, 0, 0, 0, 0, 0, 0, 0, 0, 1],
        "lookAt": {
          "x": null,
          "y": null,
          "z": null
        }
      },
      "flv": {
        "type": "flv",
        "src": "http://10.31.214.206:8081/live?app=rtmp&stream=309021",
        "url": "http://10.31.214.206:8081/live?app=rtmp&stream=309021"
      },
      "modelIndex": null,
      "isGlobalView": false,
      "isInside": true,
      "isOut": false,
      "isreal": true,
      "realposition": {
        "x": -118.538,
        "y": 2,
        "z": -71.4936
      },
      "realtar": {"x": -118.538, "y": 0, "z": -71.4936}
    },
    "HQ0912New197": {
      "index": "HQ0912New197",
      "keyCode": "74",
      "camJson": {
        "fov": null,
        "position": {
          "x": 0,
          "y": 0,
          "z": 0
        },
        "poseMat4": [0, 0, 0, 0, 0, 0, 0, 0, 0, 0, 0, 0, 0, 0, 0, 1],
        "lookAt": {
          "x": null,
          "y": null,
          "z": null
        }
      },
      "flv": {
        "type": "flv",
        "src": "http://10.31.214.206:8081/live?app=rtmp&stream=309018",
        "url": "http://10.31.214.206:8081/live?app=rtmp&stream=309018"
      },
      "modelIndex": null,
      "isGlobalView": false,
      "isInside": true,
      "isOut": false,
      "isreal": true,
      "realposition": {"x": -2.12, "y": 2, "z": -76.97},
      "realtar": {"x": 0, "y": 0, "z": -70}
    },
    "HQ0912New190": {
      "index": "HQ0912New190",
      "keyCode": "75",
      "camJson": {
        "fov": null,
        "position": {
          "x": 0,
          "y": 0,
          "z": 0
        },
        "poseMat4": [0, 0, 0, 0, 0, 0, 0, 0, 0, 0, 0, 0, 0, 0, 0, 1],
        "lookAt": {
          "x": null,
          "y": null,
          "z": null
        }
      },
      "flv": {
        "type": "flv",
        "src": "http://10.31.214.206:8081/live?app=rtmp&stream=309184",
        "url": "http://10.31.214.206:8081/live?app=rtmp&stream=309184"
      },
      "modelIndex": null,
      "isGlobalView": false,
      "isInside": true,
      "isOut": true,
      "isreal": true,
      "realposition": {
        "x": -155.5314,
        "y": 54.062,
        "z": -837.46554
      },
      "realtar": {"x": -155.5314, "y": 54.062, "z": -837.46554}
    },
    "HQ0912New191": {
      "index": "HQ0912New191",
      "keyCode": "76",
      "camJson": {
        "fov": null,
        "position": {
          "x": 0,
          "y": 0,
          "z": 0
        },
        "poseMat4": [0, 0, 0, 0, 0, 0, 0, 0, 0, 0, 0, 0, 0, 0, 0, 1],
        "lookAt": {
          "x": null,
          "y": null,
          "z": null
        }
      },
      "flv": {
        "type": "flv",
        "src": "http://10.31.214.206:8081/live?app=rtmp&stream=309033",
        "url": "http://10.31.214.206:8081/live?app=rtmp&stream=309033"
      },
      "modelIndex": null,
      "isGlobalView": false,
      "isInside": true,
      "isOut": true,
      "isreal": true,
      "realposition": {"x": 197.24832275, "y": 39.18025415, "z": 951.342913},
      "realtar": {"x": 197.24832275, "y": 39.18025415, "z": 951.342913}
    },
    "HQ0912New192": {
      "index": "HQ0912New192",
      "keyCode": "80",
      "camJson": {
        "fov": null,
        "position": {
          "x": 0,
          "y": 0,
          "z": 0
        },
        "poseMat4": [0, 0, 0, 0, 0, 0, 0, 0, 0, 0, 0, 0, 0, 0, 0, 1],
        "lookAt": {
          "x": null,
          "y": null,
          "z": null
        }
      },
      "flv": {
        "type": "flv",
        "src": "http://10.31.214.206:8081/live?app=rtmp&stream=309324",
        "url": "http://10.31.214.206:8081/live?app=rtmp&stream=309324"
      },
      "modelIndex": null,
      "isGlobalView": false,
      "isInside": true,
      "isOut": false,
      "isreal": true,
      "realposition": {"x": -182.8298, "y": 10.55914, "z": 27.28889},
      "realtar": {"x": -182.8298, "y": 2, "z": 27.28889}
    },
    "HQ0912New193": {
      "index": "HQ0912New193",
      "keyCode": "81",
      "camJson": {
        "fov": null,
        "position": {
          "x": 0,
          "y": 0,
          "z": 0
        },
        "poseMat4": [0, 0, 0, 0, 0, 0, 0, 0, 0, 0, 0, 0, 0, 0, 0, 1],
        "lookAt": {
          "x": null,
          "y": null,
          "z": null
        }
      },
      "flv": {
        "type": "flv",
        "src": "http://10.31.214.206:8081/live?app=rtmp&stream=309103",
        "url": "http://10.31.214.206:8081/live?app=rtmp&stream=309103"
      },
      "modelIndex": null,
      "isGlobalView": false,
      "isInside": true,
      "isOut": false,
      "isreal": true,
      "realposition": {"x": -178.3675, "y": 10.5718691, "z": 33.11605},
      "realtar": {"x": -178.3675, "y": 2, "z": 33.11605}
    },
    "HQ0912New194": {
      "index": "HQ0912New194",
      "keyCode": "82",
      "camJson": {
        "fov": null,
        "position": {
          "x": 0,
          "y": 0,
          "z": 0
        },
        "poseMat4": [0, 0, 0, 0, 0, 0, 0, 0, 0, 0, 0, 0, 0, 0, 0, 1],
        "lookAt": {
          "x": null,
          "y": null,
          "z": null
        }
      },
      "flv": {
        "type": "flv",
        "src": "http://10.31.214.206:8081/live?app=rtmp&stream=610123",
        "url": "http://10.31.214.206:8081/live?app=rtmp&stream=610123"
      },
      "modelIndex": null,
      "isGlobalView": false,
      "isInside": true,
      "isOut": false,
      "isreal": true,
      "realposition": {"x": -186.2396, "y": 10.552955, "z": 32.65011},
      "realtar": {"x": -186.2396, "y": 2, "z": 32.65011}
    },
    "HQ0912New195": {
      "index": "HQ0912New195",
      "keyCode": "83",
      "camJson": {
        "fov": null,
        "position": {
          "x": 0,
          "y": 0,
          "z": 0
        },
        "poseMat4": [0, 0, 0, 0, 0, 0, 0, 0, 0, 0, 0, 0, 0, 0, 0, 1],
        "lookAt": {
          "x": null,
          "y": null,
          "z": null
        }
      },
      "flv": {
        "type": "flv",
        "src": "http://10.31.214.206:8081/live?app=rtmp&stream=309142",
        "url": "http://10.31.214.206:8081/live?app=rtmp&stream=309142"
      },
      "modelIndex": null,
      "isGlobalView": false,
      "isInside": true,
      "isOut": true,
      "isreal": true,
      "realposition": {"x": -505.189, "y": 39.28, "z": 28.87},
      "realtar": {"x": -505.189, "y": 39.28, "z": 28.87}
    }
  }
}
