{
  "code": 0,
  "msg": "获取成功",
  "data": {
    "HQtest129": {
      "index": "HQtest129",
      "keyCode": "56",
      "camJson": {
        "fov": 22.084069125071146,
        "position": {
          "x": 98.11395363299482,
          "y": 5.037047388027388,
          "z": -43.865978207952615
        },
        "poseMat4": [
          0.9990049310115933,
          -0.03253986282684819,
          -0.030500903949402174,
          98.11395363299482,
          -0.03562720664102856,
          -0.9936369087397786,
          -0.10684753500673025,
          5.037047388027388,
          -0.026830019781547015,
          0.10782787634590091,
          -0.9938074758831587,
          -43.865978207952615,
          0,
          0,
          0,
          1
        ],
        "lookAt": {
          "x": 97.50393555400677,
          "y": 2.900096687892783,
          "z": -63.74212772561578
        }
      },
      "flv": {
        "type": "flv",
        "src": "http://10.31.214.206:8081/live?app=rtmp&stream=309235",
        "url": "static/video/k3549y367z78yya69ln8mp0uihdvugyc.mp4"
      },
      "modelIndex": ["area1", "area4", "area6", "area11", "area2"],
      "isGlobalView": true,
      "isInside": false,
      "isreal": false,
      "realposition": {
        "x": 0,
        "y": 0,
        "z": 0
      },
      "realtar": {
        "x": 0,
        "y": 0,
        "z": 0
      }
    },
    "HQtest132": {
      "index": "HQtest132",
      "keyCode": "66",
      "camJson": {
        "fov": 43.61483283185504,
        "position": {
          "x": -92.43770118128566,
          "y": 6.392572990281856,
          "z": -45.565653324560124
        },
        "poseMat4": [
          -0.10710073259915376,
          0.37240494186053436,
          -0.9218698348219102,
          -92.43770118128566,
          0.03912846913299095,
          -0.9249058967443358,
          -0.37817726672932717,
          6.392572990281856,
          -0.9934779292868224,
          -0.07657441769552101,
          0.08448646385403191,
          -45.565653324560124,
          0,
          0,
          0,
          1
        ],
        "lookAt": {
          "x": -110.87509787772385,
          "y": -1.1709723443046869,
          "z": -43.87592404747949
        }
      },
      "flv": {
        "type": "flv",
        "src": "http://10.31.214.206:8081/live?app=rtmp&stream=309218",
        "url": "static/video/3hhkku7dejbayime2kl12xkdfm7aqqgs.mp4"
      },
      "modelIndex": [
        "area23",
        "area27",
        "area29",
        "area30",
        "area31",
        "area34",
        "area35"
      ],
      "isGlobalView": true,
      "isInside": false,
      "isreal": false,
      "realposition": {
        "x": 0,
        "y": 0,
        "z": 0
      },
      "realtar": {
        "x": 0,
        "y": 0,
        "z": 0
      }
    },
    "HQtest135": {
      "index": "HQtest135",
      "keyCode": "69",
      "camJson": {
        "fov": 19.310463138397,
        "position": {
          "x": -46.40764605031059,
          "y": 5.3173901056492765,
          "z": -56.23716906867773
        },
        "poseMat4": [
          -0.2041296214592554,
          -0.15949590575249636,
          0.9658634239327483,
          -46.40764605031059,
          0.08776890991543543,
          -0.985646559946442,
          -0.14421330492711487,
          5.3173901056492765,
          0.9750013928683164,
          0.05533457250160728,
          0.21519844095835605,
          -56.23716906867773,
          0,
          0,
          0,
          1
        ],
        "lookAt": {
          "x": -27.090377571655626,
          "y": 2.4331240071069793,
          "z": -51.933200249510605
        }
      },
      "flv": {
        "type": "flv",
        "src": "http://10.31.214.206:8081/live?app=rtmp&stream=507155",
        "url": "static/video/3ykyjhw4o3ob6e5m28hsyqdsekd19uhe.mp4"
      },
      "modelIndex": [
        "area1",
        "area10",
        "area11",
        "area12",
        "area13",
        "area14",
        "area15",
        "area16",
        "area17",
        "area18",
        "area2",
        "area20",
        "area21",
        "area23",
        "area3",
        "area30",
        "area38",
        "area39",
        "area4",
        "area40",
        "area5",
        "area6",
        "area7",
        "area8",
        "area9"
      ],
      "isGlobalView": true,
      "isInside": false,
      "isreal": false,
      "realposition": {
        "x": 0,
        "y": 0,
        "z": 0
      },
      "realtar": {
        "x": 0,
        "y": 0,
        "z": 0
      }
    },
    "HQtest136": {
      "index": "HQtest136",
      "keyCode": "70",
      "camJson": {
        "fov": 48.52550961942568,
        "position": {
          "x": -93.78663976297919,
          "y": 4.783902801545056,
          "z": 62.412464458433476
        },
        "poseMat4": [
          0.8781934354971627,
          0.15680417699618737,
          -0.45187248193073143,
          -93.78663976297919,
          -0.012260684748887599,
          -0.9370454808413373,
          -0.3489920377950123,
          4.783902801545056,
          -0.47814847637442,
          0.3120227826800076,
          -0.8209846634556857,
          62.412464458433476,
          0,
          0,
          0,
          1
        ],
        "lookAt": {
          "x": -102.82408940159382,
          "y": -2.19593795435519,
          "z": 45.99277118931976
        }
      },
      "flv": {
        "type": "flv",
        "src": "http://10.31.214.206:8081/live?app=rtmp&stream=309245",
        "url": "static/video/wsejtnyul1cuw0ed2i350c0qk3ctqmzu.mp4"
      },
      "modelIndex": [
        "area22",
        "area23",
        "area24",
        "area26",
        "area27",
        "area28",
        "area29",
        "area30",
        "area31",
        "area32",
        "area33",
        "area34",
        "area35",
        "area36",
        "area37"
      ],
      "isGlobalView": true,
      "isInside": true,
      "isreal": false,
      "realposition": {
        "x": 0,
        "y": 0,
        "z": 0
      },
      "realtar": {
        "x": 0,
        "y": 0,
        "z": 0
      }
    },
    "HQtest147": {
      "index": "HQtest147",
      "keyCode": "72",
      "camJson": {
        "fov": 25,
        "position": {
          "x": 0,
          "y": 0,
          "z": 0
        },
        "poseMat4": [0, 0, 0, 0, 0, 0, 0, 0, 0, 0, 0, 0, 0, 0, 0, 1],
        "lookAt": {
          "x": null,
          "y": null,
          "z": null
        }
      },
      "flv": {
        "type": "flv",
        "src": "http://10.31.214.206:8081/live?app=rtmp&stream=6301",
        "url": "http://10.31.214.206:8081/live?app=rtmp&stream=6301"
      },
      "modelIndex": null,
      "isGlobalView": true,
      "isInside": false,
      "isreal": true,
      "realposition": {
        "x": -300,
        "y": 40,
        "z": 770
      },
      "realtar": {
        "x": 20,
        "y": 40,
        "z": 160
      }
    },
    "HQtest148": {
      "index": "HQtest148",
      "keyCode": "77",
      "camJson": {
        "fov": 25,
        "position": {
          "x": 0,
          "y": 0,
          "z": 0
        },
        "poseMat4": [0, 0, 0, 0, 0, 0, 0, 0, 0, 0, 0, 0, 0, 0, 0, 1],
        "lookAt": {
          "x": null,
          "y": null,
          "z": null
        }
      },
      "flv": {
        "type": "flv",
        "src": "http://10.31.214.206:8081/live?app=rtmp&stream=309077",
        "url": "http://10.31.214.206:8081/live?app=rtmp&stream=309077"
      },
      "modelIndex": null,
      "isGlobalView": true,
      "isInside": false,
      "isreal": true,
      "realposition": {
        "x": -459.218994,
        "y": 18.522802,
        "z": -45.75568
      },
      "realtar": {
        "x": 0,
        "y": 0,
        "z": 600
      }
    }
  }
}
