{
  "code": 0,
  "msg": "获取成功",
  "data": {
    "HQtest121": {
      "index": "HQtest121",
      "keyCode": "49",
      "camJson": {
        "fov": 17.128984089148204,
        "position": {
          "x": 96.54598884870269,
          "y": 4.928957443189526,
          "z": 40.27057991605174
        },
        "poseMat4": [
          -0.9975709623376909,
          0.05388180252463914,
          0.04414664718128864,
          96.54598884870269,
          -0.05620726006730122,
          -0.9969982562797957,
          -0.05324679230501915,
          4.928957443189526,
          0.04114509711229462,
          -0.05559881592033118,
          0.9976050584534335,
          40.27057991605174,
          0,
          0,
          0,
          1
        ],
        "lookAt": {
          "x": 97.42892179232847,
          "y": 3.8640215970891436,
          "z": 60.222681085120406
        }
      },
      "flv": {
        "type": "flv",
        "src": "http://10.31.214.206:8081/live?app=rtmp&stream=309210",
        "url": "static/video/s96r3ljf8vxay2964io7dek44wkvamt4.mp4"
      },
      "modelIndex": ["area1", "area13", "area12", "area2", "area6"],
      "isGlobalView": true,
      "isInside": true,
      "isreal": false,
      "realposition": {
        "x": 0,
        "y": 0,
        "z": 0
      },
      "realtar": {
        "x": 0,
        "y": 0,
        "z": 0
      }
    },
    "HQtest122": {
      "index": "HQtest122",
      "keyCode": "50",
      "camJson": {
        "fov": 17.07077644698028,
        "position": {
          "x": 101.4068314453466,
          "y": 5.731963435906124,
          "z": 37.14132086018089
        },
        "poseMat4": [
          -0.4646730193369393,
          -0.00986102608448014,
          0.8854274364762217,
          101.4068314453466,
          -0.17584422801085872,
          -0.9789950964246075,
          -0.10318628131606775,
          5.731963435906124,
          0.86784664116165,
          -0.20364518492008285,
          0.45317860285246014,
          37.14132086018089,
          0,
          0,
          0,
          1
        ],
        "lookAt": {
          "x": 119.11538017487104,
          "y": 3.668237809584769,
          "z": 46.2048929172301
        }
      },
      "flv": {
        "type": "flv",
        "src": "http://10.31.214.206:8081/live?app=rtmp&stream=309209",
        "url": "static/video/b8j0v39nvh4uu9mqje8t413nrnk7u3kn.mp4"
      },
      "modelIndex": [
        "area1",
        "area13",
        "area12",
        "area2",
        "area6",
        "area7",
        "area8"
      ],
      "isGlobalView": true,
      "isInside": true,
      "isreal": false,
      "realposition": {
        "x": 0,
        "y": 0,
        "z": 0
      },
      "realtar": {
        "x": 0,
        "y": 0,
        "z": 0
      }
    },
    "HQtest126": {
      "index": "HQtest126",
      "keyCode": "53",
      "camJson": {
        "fov": 25.376548517402984,
        "position": {
          "x": -136.13983841661533,
          "y": 4.323664066021321,
          "z": -39.55802315556072
        },
        "poseMat4": [
          0.9965481905312072,
          -0.04769377400451015,
          0.06794856783025713,
          -136.13983841661533,
          -0.04341296987802257,
          -0.9970598578324505,
          -0.06314233085263356,
          4.323664066021321,
          0.0707602854385583,
          0.05997452642864507,
          -0.9956887255484586,
          -39.55802315556072,
          0,
          0,
          0,
          1
        ],
        "lookAt": {
          "x": -134.78086706001017,
          "y": 3.06081744896865,
          "z": -59.47179766652988
        }
      },
      "flv": {
        "type": "mp4",
        "src": "https://cdn.model.dgene.com/fusion/1/media/15ggd6jf5eemr4hfcovcnw9n32lut4d6.mp4",
        "url": "static/video/15ggd6jf5eemr4hfcovcnw9n32lut4d6.mp4"
      },
      "modelIndex": ["area37", "area27", "area29"],
      "isGlobalView": true,
      "isInside": true,
      "isreal": false,
      "realposition": {
        "x": 0,
        "y": 0,
        "z": 0
      },
      "realtar": {
        "x": 0,
        "y": 0,
        "z": 0
      }
    },
    "HQtest127": {
      "index": "HQtest127",
      "keyCode": "54",
      "camJson": {
        "fov": 15.075705166375078,
        "position": {
          "x": -139.61462971348456,
          "y": 4.495490831568645,
          "z": -35.29178268901258
        },
        "poseMat4": [
          0.9893752343383255,
          0.016532352937687893,
          -0.1444414309826896,
          -139.61462971348456,
          0.008174125996012303,
          -0.9982674631119633,
          -0.05826882319222034,
          4.495490831568645,
          -0.1451545016256288,
          0.05646904814452464,
          -0.9877962427846477,
          -35.29178268901258,
          0,
          0,
          0,
          1
        ],
        "lookAt": {
          "x": -142.50345833313835,
          "y": 3.330114367724238,
          "z": -55.04770754470553
        }
      },
      "flv": {
        "type": "mp4",
        "src": "https://cdn.model.dgene.com/fusion/1/media/8g1gfp7x994dyvd6gago4w8memy5xxre.mp4",
        "url": "static/video/8g1gfp7x994dyvd6gago4w8memy5xxre.mp4"
      },
      "modelIndex": ["part9result", "part8result"],
      "isGlobalView": true,
      "isInside": false,
      "isreal": false,
      "realposition": {
        "x": 0,
        "y": 0,
        "z": 0
      },
      "realtar": {
        "x": 0,
        "y": 0,
        "z": 0
      }
    },
    "HQtest128": {
      "index": "HQtest128",
      "keyCode": "55",
      "camJson": {
        "fov": 21.890110215143373,
        "position": {
          "x": -26.964559139907628,
          "y": 6.1184277266504585,
          "z": -43.06881041425771
        },
        "poseMat4": [
          0.9807478253332655,
          0.011675038368089436,
          0.19492920915854153,
          -26.964559139907628,
          0.04954406989964669,
          -0.9804265190803835,
          -0.19054979879732584,
          6.1184277266504585,
          0.18888908979041039,
          0.19653888715220222,
          -0.9621296054041389,
          -43.06881041425771,
          0,
          0,
          0,
          1
        ],
        "lookAt": {
          "x": -23.065974956736795,
          "y": 2.307431750703942,
          "z": -62.31140252234049
        }
      },
      "flv": {
        "type": "flv",
        "src": "http://10.31.214.206:8081/live?app=rtmp&stream=309232",
        "url": "static/video/5l9f3ca5qnbiq6jfaorgx06dvrrd4cnf.mp4"
      },
      "modelIndex": ["area23", "area30", "area15"],
      "isGlobalView": true,
      "isInside": false,
      "isreal": false,
      "realposition": {
        "x": 0,
        "y": 0,
        "z": 0
      },
      "realtar": {
        "x": 0,
        "y": 0,
        "z": 0
      }
    },
    "HQtest129": {
      "index": "HQtest129",
      "keyCode": "56",
      "camJson": {
        "fov": 22.084069125071146,
        "position": {
          "x": 98.11395363299482,
          "y": 5.037047388027388,
          "z": -43.865978207952615
        },
        "poseMat4": [
          0.9990049310115933,
          -0.03253986282684819,
          -0.030500903949402174,
          98.11395363299482,
          -0.03562720664102856,
          -0.9936369087397786,
          -0.10684753500673025,
          5.037047388027388,
          -0.026830019781547015,
          0.10782787634590091,
          -0.9938074758831587,
          -43.865978207952615,
          0,
          0,
          0,
          1
        ],
        "lookAt": {
          "x": 97.50393555400677,
          "y": 2.900096687892783,
          "z": -63.74212772561578
        }
      },
      "flv": {
        "type": "flv",
        "src": "http://10.31.214.206:8081/live?app=rtmp&stream=309235",
        "url": "static/video/k3549y367z78yya69ln8mp0uihdvugyc.mp4"
      },
      "modelIndex": ["area1", "area4", "area6", "area11", "area2"],
      "isGlobalView": true,
      "isInside": false,
      "isreal": false,
      "realposition": {
        "x": 0,
        "y": 0,
        "z": 0
      },
      "realtar": {
        "x": 0,
        "y": 0,
        "z": 0
      }
    },
    "HQtest130": {
      "index": "HQtest130",
      "keyCode": "57",
      "camJson": {
        "fov": 18.70962219467969,
        "position": {
          "x": 79.9583368739776,
          "y": 6.177633911912254,
          "z": -59.74174837862152
        },
        "poseMat4": [
          -0.254900205646613,
          -0.08356660373491367,
          0.9633496291074837,
          79.9583368739776,
          -0.11609175107505126,
          -0.9864079450805167,
          -0.11628444098141788,
          6.177633911912254,
          0.9599732238420209,
          -0.1414778732602538,
          0.24173419469349533,
          -59.74174837862152,
          0,
          0,
          0,
          1
        ],
        "lookAt": {
          "x": 99.22532945612727,
          "y": 3.8519450922838967,
          "z": -54.907064484751615
        }
      },
      "flv": {
        "type": "mp4",
        "src": "https://cdn.model.dgene.com/fusion/1/media/k5a7hraav2faeoe4i15wk4v3as1o3lnx.mp4",
        "url": "static/video/k5a7hraav2faeoe4i15wk4v3as1o3lnx.mp4"
      },
      "modelIndex": [
        "part1result",
        "part2result",
        "part3result",
        "part4result"
      ],
      "isGlobalView": true,
      "isInside": false,
      "isreal": false,
      "realposition": {
        "x": 0,
        "y": 0,
        "z": 0
      },
      "realtar": {
        "x": 0,
        "y": 0,
        "z": 0
      }
    },
    "HQtest131": {
      "index": "HQtest131",
      "keyCode": "65",
      "camJson": {
        "fov": 38.43641270756654,
        "position": {
          "x": -177.07639927430105,
          "y": 5.331321265059508,
          "z": -50.136662005470264
        },
        "poseMat4": [
          -0.994990759138005,
          -0.06937902038091723,
          0.0719718053195886,
          -177.07639927430105,
          0.040024950390299574,
          -0.9362115252233749,
          -0.34915037360022433,
          5.331321265059508,
          0.09160454451734668,
          -0.3445207273443885,
          0.9342987080446288,
          -50.136662005470264,
          0,
          0,
          0,
          1
        ],
        "lookAt": {
          "x": -175.6369631679093,
          "y": -1.6516862069449791,
          "z": -31.450687844577686
        }
      },
      "flv": {
        "type": "mp4",
        "src": "https://cdn.model.dgene.com/fusion/1/media/x0845fiyq7t28geske3encxfn5fimtbz.mp4",
        "url": "static/video/x0845fiyq7t28geske3encxfn5fimtbz.mp4"
      },
      "modelIndex": [
        "area23",
        "area24",
        "area26",
        "area27",
        "area28",
        "area29",
        "area30",
        "area34",
        "area36"
      ],
      "isGlobalView": true,
      "isInside": false,
      "isreal": false,
      "realposition": {
        "x": 0,
        "y": 0,
        "z": 0
      },
      "realtar": {
        "x": 0,
        "y": 0,
        "z": 0
      }
    },
    "HQtest132": {
      "index": "HQtest132",
      "keyCode": "66",
      "camJson": {
        "fov": 43.61483283185504,
        "position": {
          "x": -92.43770118128566,
          "y": 6.392572990281856,
          "z": -45.565653324560124
        },
        "poseMat4": [
          -0.10710073259915376,
          0.37240494186053436,
          -0.9218698348219102,
          -92.43770118128566,
          0.03912846913299095,
          -0.9249058967443358,
          -0.37817726672932717,
          6.392572990281856,
          -0.9934779292868224,
          -0.07657441769552101,
          0.08448646385403191,
          -45.565653324560124,
          0,
          0,
          0,
          1
        ],
        "lookAt": {
          "x": -110.87509787772385,
          "y": -1.1709723443046869,
          "z": -43.87592404747949
        }
      },
      "flv": {
        "type": "flv",
        "src": "http://10.31.214.206:8081/live?app=rtmp&stream=309218",
        "url": "static/video/3hhkku7dejbayime2kl12xkdfm7aqqgs.mp4"
      },
      "modelIndex": [
        "area23",
        "area27",
        "area29",
        "area30",
        "area31",
        "area34",
        "area35"
      ],
      "isGlobalView": true,
      "isInside": false,
      "isreal": false,
      "realposition": {
        "x": 0,
        "y": 0,
        "z": 0
      },
      "realtar": {
        "x": 0,
        "y": 0,
        "z": 0
      }
    },
    "HQtest133": {
      "index": "HQtest133",
      "keyCode": "67",
      "camJson": {
        "fov": 19.882471642041132,
        "position": {
          "x": 114.07193923241074,
          "y": 5.846927402460681,
          "z": -59.25464894209776
        },
        "poseMat4": [
          -0.2351178845693167,
          0.17552155762053778,
          -0.9559873237476059,
          114.07193923241074,
          -0.13443572937848802,
          -0.9799787240530091,
          -0.14686298059725678,
          5.846927402460681,
          -0.962624856848255,
          0.09398873982502653,
          0.2540068931426469,
          -59.25464894209776,
          0,
          0,
          0,
          1
        ],
        "lookAt": {
          "x": 94.95219275745862,
          "y": 2.9096677905155452,
          "z": -54.17451107924482
        }
      },
      "flv": {
        "type": "flv",
        "src": "http://10.31.214.206:8081/live?app=rtmp&stream=507147",
        "url": "static/video/bkt2dz63l9dgntl6p49xrgcb9y7o869d.mp4"
      },
      "modelIndex": [
        "area1",
        "area24",
        "area25",
        "area26",
        "area27",
        "area28",
        "area29",
        "area30",
        "area31",
        "area32",
        "area33",
        "area34",
        "area35",
        "area36",
        "area37",
        "area38",
        "area39",
        "area4",
        "area10",
        "area11",
        "area12",
        "area14",
        "area15",
        "area16",
        "area17",
        "area18",
        "area19",
        "area2",
        "area20",
        "area21",
        "area22",
        "area23",
        "area6",
        "area9"
      ],
      "isGlobalView": true,
      "isInside": false,
      "isreal": false,
      "realposition": {
        "x": 0,
        "y": 0,
        "z": 0
      },
      "realtar": {
        "x": 0,
        "y": 0,
        "z": 0
      }
    },
    "HQtest134": {
      "index": "HQtest134",
      "keyCode": "68",
      "camJson": {
        "fov": 13.451322764811595,
        "position": {
          "x": -9.457575570228645,
          "y": 6.026164594605193,
          "z": -58.986213164151586
        },
        "poseMat4": [
          -0.23915813001438624,
          0.1492412090199285,
          -0.9594427811903594,
          -9.457575570228645,
          -0.09510235821699521,
          -0.9869666625009985,
          -0.1298165959082515,
          6.026164594605193,
          -0.9663120253363238,
          0.06019857674322507,
          0.2502342923112294,
          -58.986213164151586,
          0,
          0,
          0,
          1
        ],
        "lookAt": {
          "x": -28.646431194035834,
          "y": 3.4298326764401623,
          "z": -53.981527317927
        }
      },
      "flv": {
        "type": "mp4",
        "src": "https://cdn.model.dgene.com/fusion/1/media/z4uzg1cqoaztq5561bdy9v3r0xjpl2fv.mp4",
        "url": "static/video/z4uzg1cqoaztq5561bdy9v3r0xjpl2fv.mp4"
      },
      "modelIndex": [
        "part6result",
        "part7result",
        "part4result",
        "part5result",
        "part8result",
        "part9result"
      ],
      "isGlobalView": true,
      "isInside": false,
      "isreal": false,
      "realposition": {
        "x": 0,
        "y": 0,
        "z": 0
      },
      "realtar": {
        "x": 0,
        "y": 0,
        "z": 0
      }
    },
    "HQtest135": {
      "index": "HQtest135",
      "keyCode": "69",
      "camJson": {
        "fov": 19.310463138397,
        "position": {
          "x": -46.40764605031059,
          "y": 5.3173901056492765,
          "z": -56.23716906867773
        },
        "poseMat4": [
          -0.2041296214592554,
          -0.15949590575249636,
          0.9658634239327483,
          -46.40764605031059,
          0.08776890991543543,
          -0.985646559946442,
          -0.14421330492711487,
          5.3173901056492765,
          0.9750013928683164,
          0.05533457250160728,
          0.21519844095835605,
          -56.23716906867773,
          0,
          0,
          0,
          1
        ],
        "lookAt": {
          "x": -27.090377571655626,
          "y": 2.4331240071069793,
          "z": -51.933200249510605
        }
      },
      "flv": {
        "type": "flv",
        "src": "http://10.31.214.206:8081/live?app=rtmp&stream=507155",
        "url": "static/video/3ykyjhw4o3ob6e5m28hsyqdsekd19uhe.mp4"
      },
      "modelIndex": [
        "area1",
        "area10",
        "area11",
        "area12",
        "area13",
        "area14",
        "area15",
        "area16",
        "area17",
        "area18",
        "area2",
        "area20",
        "area21",
        "area23",
        "area3",
        "area30",
        "area38",
        "area39",
        "area4",
        "area40",
        "area5",
        "area6",
        "area7",
        "area8",
        "area9"
      ],
      "isGlobalView": true,
      "isInside": false,
      "isreal": false,
      "realposition": {
        "x": 0,
        "y": 0,
        "z": 0
      },
      "realtar": {
        "x": 0,
        "y": 0,
        "z": 0
      }
    },
    "HQtest136": {
      "index": "HQtest136",
      "keyCode": "70",
      "camJson": {
        "fov": 48.52550961942568,
        "position": {
          "x": -93.78663976297919,
          "y": 4.783902801545056,
          "z": 62.412464458433476
        },
        "poseMat4": [
          0.8781934354971627,
          0.15680417699618737,
          -0.45187248193073143,
          -93.78663976297919,
          -0.012260684748887599,
          -0.9370454808413373,
          -0.3489920377950123,
          4.783902801545056,
          -0.47814847637442,
          0.3120227826800076,
          -0.8209846634556857,
          62.412464458433476,
          0,
          0,
          0,
          1
        ],
        "lookAt": {
          "x": -102.82408940159382,
          "y": -2.19593795435519,
          "z": 45.99277118931976
        }
      },
      "flv": {
        "type": "flv",
        "src": "http://10.31.214.206:8081/live?app=rtmp&stream=309245",
        "url": "static/video/wsejtnyul1cuw0ed2i350c0qk3ctqmzu.mp4"
      },
      "modelIndex": [
        "area22",
        "area23",
        "area24",
        "area26",
        "area27",
        "area28",
        "area29",
        "area30",
        "area31",
        "area32",
        "area33",
        "area34",
        "area35",
        "area36",
        "area37"
      ],
      "isGlobalView": true,
      "isInside": true,
      "isreal": false,
      "realposition": {
        "x": 0,
        "y": 0,
        "z": 0
      },
      "realtar": {
        "x": 0,
        "y": 0,
        "z": 0
      }
    },
    "HQtest137": {
      "index": "HQtest137",
      "keyCode": "71",
      "camJson": {
        "fov": 55.912719361839486,
        "position": {
          "x": 33.553696688635334,
          "y": 4.419659094710987,
          "z": 54.22329505256718
        },
        "poseMat4": [
          0.867792963353199,
          0.20604716174443777,
          -0.4521945818911755,
          33.553696688635334,
          0.061861513177306995,
          -0.9476991933467395,
          -0.3131124272802873,
          4.419659094710987,
          -0.493060367442048,
          0.2437433200459058,
          -0.8351530805732035,
          54.22329505256718,
          0,
          0,
          0,
          1
        ],
        "lookAt": {
          "x": 24.509805050811824,
          "y": -1.8425894508947604,
          "z": 37.52023344110311
        }
      },
      "flv": {
        "type": "mp4",
        "src": "https://cdn.model.dgene.com/fusion/1/media/lp3om7h17iwrb2mldukjbtfdm82vv5kl.mp4",
        "url": "static/video/lp3om7h17iwrb2mldukjbtfdm82vv5kl.mp4"
      },
      "modelIndex": [
        "part2result",
        "part6result",
        "part7result",
        "part3result",
        "part4result",
        "part5result",
        "part8result",
        "part1result",
        "part9result"
      ],
      "isGlobalView": true,
      "isInside": true,
      "isreal": false,
      "realposition": {
        "x": 0,
        "y": 0,
        "z": 0
      },
      "realtar": {
        "x": 0,
        "y": 0,
        "z": 0
      }
    },
    "HQtest138": {
      "index": "HQtest138",
      "keyCode": "72",
      "camJson": {
        "fov": 45.80160860545309,
        "position": {
          "x": -96.313700205754,
          "y": 5.18094250163945,
          "z": -55.08804888811373
        },
        "poseMat4": [
          -0.7501387339268342,
          -0.20988747399446647,
          0.6270878153200464,
          -96.313700205754,
          0.0875090449586928,
          -0.9714605258392875,
          -0.22046907671252336,
          5.18094250163945,
          0.6554647564233061,
          -0.11050653825125996,
          0.7470972213110284,
          -55.08804888811373,
          0,
          0,
          0,
          1
        ],
        "lookAt": {
          "x": -83.77194389935308,
          "y": 0.7715609673889827,
          "z": -40.14610446189317
        }
      },
      "flv": {
        "type": "mp4",
        "src": "https://cdn.model.dgene.com/fusion/1/media/wjzomnmzqxnq2spml73l9pqhvvlt1rx9.mp4",
        "url": "static/video/wjzomnmzqxnq2spml73l9pqhvvlt1rx9.mp4"
      },
      "modelIndex": [
        "part2result",
        "part6result",
        "part7result",
        "part3result",
        "part4result",
        "part5result",
        "part8result",
        "part1result",
        "part9result"
      ],
      "isGlobalView": true,
      "isInside": false,
      "isreal": false,
      "realposition": {
        "x": 0,
        "y": 0,
        "z": 0
      },
      "realtar": {
        "x": 0,
        "y": 0,
        "z": 0
      }
    },
    "HQtest139": {
      "index": "HQtest139",
      "keyCode": "77",
      "camJson": {
        "fov": 34.66100961517671,
        "position": {
          "x": -96.38221940433499,
          "y": 4.807241025498193,
          "z": -55.518181243059544
        },
        "poseMat4": [
          -0.49356988847404837,
          0.1394089567093464,
          -0.8584601959211198,
          -96.38221940433499,
          0.016539981805804495,
          -0.9853861165074536,
          -0.16953061787247378,
          4.807241025498193,
          -0.8695488452028324,
          -0.09787412417779609,
          0.4840510940209213,
          -55.518181243059544,
          0,
          0,
          0,
          1
        ],
        "lookAt": {
          "x": -113.55142332275739,
          "y": 1.416628668048717,
          "z": -45.83715936264112
        }
      },
      "flv": {
        "type": "mp4",
        "src": "https://cdn.model.dgene.com/fusion/1/media/9x71lzh31l06yye2xgdjfjti897djxaw.mp4",
        "url": "static/video/9x71lzh31l06yye2xgdjfjti897djxaw.mp4"
      },
      "modelIndex": ["part7result", "part8result", "part9result"],
      "isGlobalView": true,
      "isInside": false,
      "isreal": false,
      "realposition": {
        "x": 0,
        "y": 0,
        "z": 0
      },
      "realtar": {
        "x": 0,
        "y": 0,
        "z": 0
      }
    },
    "HQtest140": {
      "index": "HQtest140",
      "keyCode": "81",
      "camJson": {
        "fov": 18.910923868653914,
        "position": {
          "x": -124.08520297304099,
          "y": 5.414751404449724,
          "z": -52.84230114381045
        },
        "poseMat4": [
          -0.24394153912647154,
          0.1664489482345213,
          -0.9553990125179269,
          -124.08520297304099,
          -0.0690521967256891,
          -0.9856414570323717,
          -0.15408670386006768,
          5.414751404449724,
          -0.967328444539891,
          0.028384252865367277,
          0.2519325595736086,
          -52.84230114381045,
          0,
          0,
          0,
          1
        ],
        "lookAt": {
          "x": -143.19318322339953,
          "y": 2.333017327248371,
          "z": -47.80364995233828
        }
      },
      "flv": {
        "type": "flv",
        "src": "http://10.31.214.206:8081/live?app=rtmp&stream=507158",
        "url": "static/video/8douz9jonyrct1goo67pdn01a5l2msk7.mp4"
      },
      "modelIndex": ["area27", "area29", "area34"],
      "isGlobalView": true,
      "isInside": true,
      "isreal": false,
      "realposition": {
        "x": 0,
        "y": 0,
        "z": 0
      },
      "realtar": {
        "x": 0,
        "y": 0,
        "z": 0
      }
    },
    "HQtest147": {
      "index": "HQtest147",
      "keyCode": "72",
      "camJson": {
        "fov": 25,
        "position": {
          "x": 0,
          "y": 0,
          "z": 0
        },
        "poseMat4": [0, 0, 0, 0, 0, 0, 0, 0, 0, 0, 0, 0, 0, 0, 0, 1],
        "lookAt": {
          "x": null,
          "y": null,
          "z": null
        }
      },
      "flv": {
        "type": "flv",
        "src": "http://10.31.214.206:8081/live?app=rtmp&stream=6301",
        "url": "http://10.31.214.206:8081/live?app=rtmp&stream=6301"
      },
      "modelIndex": null,
      "isGlobalView": true,
      "isInside": false,
      "isreal": true,
      "realposition": {
        "x": -300,
        "y": 40,
        "z": 770
      },
      "realtar": {
        "x": 20,
        "y": 40,
        "z": 160
      }
    },
    "HQtest148": {
      "index": "HQtest148",
      "keyCode": "77",
      "camJson": {
        "fov": 25,
        "position": {
          "x": 0,
          "y": 0,
          "z": 0
        },
        "poseMat4": [0, 0, 0, 0, 0, 0, 0, 0, 0, 0, 0, 0, 0, 0, 0, 1],
        "lookAt": {
          "x": null,
          "y": null,
          "z": null
        }
      },
      "flv": {
        "type": "flv",
        "src": "http://10.31.214.206:8081/live?app=rtmp&stream=309077",
        "url": "http://10.31.214.206:8081/live?app=rtmp&stream=309077"
      },
      "modelIndex": null,
      "isGlobalView": true,
      "isInside": false,
      "isreal": true,
      "realposition": {
        "x": -459.218994,
        "y": 18.522802,
        "z": -45.75568
      },
      "realtar": {
        "x": 0,
        "y": 0,
        "z": 600
      }
    }
  }
}
