{
  "code": 0,
  "msg": "获取成功",
  "data": {
    "HQtest121": {
      "index": "HQtest121",
      "keyCode": "49",
      "camJson": {
        "fov": 17.128984089148204,
        "position": {
          "x": 96.54598884870269,
          "y": 4.928957443189526,
          "z": 40.27057991605174
        },
        "poseMat4": [
          -0.9975709623376909,
          0.05388180252463914,
          0.04414664718128864,
          96.54598884870269,
          -0.05620726006730122,
          -0.9969982562797957,
          -0.05324679230501915,
          4.928957443189526,
          0.04114509711229462,
          -0.05559881592033118,
          0.9976050584534335,
          40.27057991605174,
          0,
          0,
          0,
          1
        ],
        "lookAt": {
          "x": 97.42892179232847,
          "y": 3.8640215970891436,
          "z": 60.222681085120406
        }
      },
      "flv": {
        "type": "mp4",
        "src": "https://cdn.model.dgene.com/fusion/1/media/s96r3ljf8vxay2964io7dek44wkvamt4.mp4",
        "url": "static/video/s96r3ljf8vxay2964io7dek44wkvamt4.mp4"
      },
      "modelIndex": [
        "area1",
        "area13",
        "area12",
        "area2",
        "area6"
      ],
      "isGlobalView": true,
      "isInside": true,
      "isreal": false,
      "realposition": {
        "x": 0,
        "y": 0,
        "z": 0
      },
      "realtar": {
        "x": 0,
        "y": 0,
        "z": 0
      }
    },
    "HQtest122": {
      "index": "HQtest122",
      "keyCode": "50",
      "camJson": {
        "fov": 17.07077644698028,
        "position": {
          "x": 101.4068314453466,
          "y": 5.731963435906124,
          "z": 37.14132086018089
        },
        "poseMat4": [
          -0.4646730193369393,
          -0.00986102608448014,
          0.8854274364762217,
          101.4068314453466,
          -0.17584422801085872,
          -0.9789950964246075,
          -0.10318628131606775,
          5.731963435906124,
          0.86784664116165,
          -0.20364518492008285,
          0.45317860285246014,
          37.14132086018089,
          0,
          0,
          0,
          1
        ],
        "lookAt": {
          "x": 119.11538017487104,
          "y": 3.668237809584769,
          "z": 46.2048929172301
        }
      },
      "flv": {
        "type": "mp4",
        "src": "https://cdn.model.dgene.com/fusion/1/media/b8j0v39nvh4uu9mqje8t413nrnk7u3kn.mp4",
        "url": "static/video/b8j0v39nvh4uu9mqje8t413nrnk7u3kn.mp4"
      },
      "modelIndex": [
        "area1",
        "area13",
        "area12",
        "area2",
        "area6",
        "area7",
        "area8"
      ],
      "isGlobalView": true,
      "isInside": true,
      "isreal": false,
      "realposition": {
        "x": 0,
        "y": 0,
        "z": 0
      },
      "realtar": {
        "x": 0,
        "y": 0,
        "z": 0
      }
    },
    "HQtest128": {
      "index": "HQtest128",
      "keyCode": "55",
      "camJson": {
        "fov": 21.890110215143373,
        "position": {
          "x": -26.964559139907628,
          "y": 6.1184277266504585,
          "z": -43.06881041425771
        },
        "poseMat4": [
          0.9807478253332655,
          0.011675038368089436,
          0.19492920915854153,
          -26.964559139907628,
          0.04954406989964669,
          -0.9804265190803835,
          -0.19054979879732584,
          6.1184277266504585,
          0.18888908979041039,
          0.19653888715220222,
          -0.9621296054041389,
          -43.06881041425771,
          0,
          0,
          0,
          1
        ],
        "lookAt": {
          "x": -23.065974956736795,
          "y": 2.307431750703942,
          "z": -62.31140252234049
        }
      },
      "flv": {
        "type": "mp4",
        "src": "https://cdn.model.dgene.com/fusion/1/media/5l9f3ca5qnbiq6jfaorgx06dvrrd4cnf.mp4",
        "url": "static/video/5l9f3ca5qnbiq6jfaorgx06dvrrd4cnf.mp4"
      },
      "modelIndex": [
        "area23",
        "area30",
        "area15"
      ],
      "isGlobalView": true,
      "isInside": false,
      "isreal": false,
      "realposition": {
        "x": 0,
        "y": 0,
        "z": 0
      },
      "realtar": {
        "x": 0,
        "y": 0,
        "z": 0
      }
    },
    "HQtest129": {
      "index": "HQtest129",
      "keyCode": "56",
      "camJson": {
        "fov": 22.084069125071146,
        "position": {
          "x": 98.11395363299482,
          "y": 5.037047388027388,
          "z": -43.865978207952615
        },
        "poseMat4": [
          0.9990049310115933,
          -0.03253986282684819,
          -0.030500903949402174,
          98.11395363299482,
          -0.03562720664102856,
          -0.9936369087397786,
          -0.10684753500673025,
          5.037047388027388,
          -0.026830019781547015,
          0.10782787634590091,
          -0.9938074758831587,
          -43.865978207952615,
          0,
          0,
          0,
          1
        ],
        "lookAt": {
          "x": 97.50393555400677,
          "y": 2.900096687892783,
          "z": -63.74212772561578
        }
      },
      "flv": {
        "type": "mp4",
        "src": "https://cdn.model.dgene.com/fusion/1/media/k3549y367z78yya69ln8mp0uihdvugyc.mp4",
        "url": "static/video/k3549y367z78yya69ln8mp0uihdvugyc.mp4"
      },
      "modelIndex": [
        "area1",
        "area4",
        "area6",
        "area11",
        "area2"
      ],
      "isGlobalView": true,
      "isInside": false,
      "isreal": false,
      "realposition": {
        "x": 0,
        "y": 0,
        "z": 0
      },
      "realtar": {
        "x": 0,
        "y": 0,
        "z": 0
      }
    },
    "HQtest135": {
      "index": "HQtest135",
      "keyCode": "69",
      "camJson": {
        "fov": 19.310463138397,
        "position": {
          "x": -46.40764605031059,
          "y": 5.3173901056492765,
          "z": -56.23716906867773
        },
        "poseMat4": [
          -0.2041296214592554,
          -0.15949590575249636,
          0.9658634239327483,
          -46.40764605031059,
          0.08776890991543543,
          -0.985646559946442,
          -0.14421330492711487,
          5.3173901056492765,
          0.9750013928683164,
          0.05533457250160728,
          0.21519844095835605,
          -56.23716906867773,
          0,
          0,
          0,
          1
        ],
        "lookAt": {
          "x": -27.090377571655626,
          "y": 2.4331240071069793,
          "z": -51.933200249510605
        }
      },
      "flv": {
        "type": "mp4",
        "src": "https://cdn.model.dgene.com/fusion/1/media/3ykyjhw4o3ob6e5m28hsyqdsekd19uhe.mp4",
        "url": "static/video/3ykyjhw4o3ob6e5m28hsyqdsekd19uhe.mp4"
      },
      "modelIndex": [
        "area1",
        "area10",
        "area11",
        "area12",
        "area13",
        "area14",
        "area15",
        "area16",
        "area17",
        "area18",
        "area2",
        "area20",
        "area21",
        "area23",
        "area3",
        "area30",
        "area38",
        "area39",
        "area4",
        "area40",
        "area5",
        "area6",
        "area7",
        "area8",
        "area9"
      ],
      "isGlobalView": true,
      "isInside": false,
      "isreal": false,
      "realposition": {
        "x": 0,
        "y": 0,
        "z": 0
      },
      "realtar": {
        "x": 0,
        "y": 0,
        "z": 0
      }
    },
    "HQtest136": {
      "index": "HQtest136",
      "keyCode": "70",
      "camJson": {
        "fov": 48.52550961942568,
        "position": {
          "x": -93.78663976297919,
          "y": 4.783902801545056,
          "z": 62.412464458433476
        },
        "poseMat4": [
          0.8781934354971627,
          0.15680417699618737,
          -0.45187248193073143,
          -93.78663976297919,
          -0.012260684748887599,
          -0.9370454808413373,
          -0.3489920377950123,
          4.783902801545056,
          -0.47814847637442,
          0.3120227826800076,
          -0.8209846634556857,
          62.412464458433476,
          0,
          0,
          0,
          1
        ],
        "lookAt": {
          "x": -102.82408940159382,
          "y": -2.19593795435519,
          "z": 45.99277118931976
        }
      },
      "flv": {
        "type": "mp4",
        "src": "https://cdn.model.dgene.com/fusion/1/media/wsejtnyul1cuw0ed2i350c0qk3ctqmzu.mp4",
        "url": "static/video/wsejtnyul1cuw0ed2i350c0qk3ctqmzu.mp4"
      },
      "modelIndex": [
        "area22",
        "area23",
        "area24",
        "area26",
        "area27",
        "area28",
        "area29",
        "area30",
        "area31",
        "area32",
        "area33",
        "area34",
        "area35",
        "area36",
        "area37"
      ],
      "isGlobalView": true,
      "isInside": true,
      "isreal": false,
      "realposition": {
        "x": 0,
        "y": 0,
        "z": 0
      },
      "realtar": {
        "x": 0,
        "y": 0,
        "z": 0
      }
    },
    "HQtest140": {
      "index": "HQtest140",
      "keyCode": "81",
      "camJson": {
        "fov": 18.910923868653914,
        "position": {
          "x": -124.08520297304099,
          "y": 5.414751404449724,
          "z": -52.84230114381045
        },
        "poseMat4": [
          -0.24394153912647154,
          0.1664489482345213,
          -0.9553990125179269,
          -124.08520297304099,
          -0.0690521967256891,
          -0.9856414570323717,
          -0.15408670386006768,
          5.414751404449724,
          -0.967328444539891,
          0.028384252865367277,
          0.2519325595736086,
          -52.84230114381045,
          0,
          0,
          0,
          1
        ],
        "lookAt": {
          "x": -143.19318322339953,
          "y": 2.333017327248371,
          "z": -47.80364995233828
        }
      },
      "flv": {
        "type": "mp4",
        "src": "https://cdn.model.dgene.com/fusion/1/media/8douz9jonyrct1goo67pdn01a5l2msk7.mp4",
        "url": "static/video/8douz9jonyrct1goo67pdn01a5l2msk7.mp4"
      },
      "modelIndex": [
        "area27",
        "area29",
        "area34"
      ],
      "isGlobalView": true,
      "isInside": true,
      "isreal": false,
      "realposition": {
        "x": 0,
        "y": 0,
        "z": 0
      },
      "realtar": {
        "x": 0,
        "y": 0,
        "z": 0
      }
    }
  }
}